0.000000e+00 1.000000e+00
1.000000e-02 1.030000e+00
2.000000e-02 1.060000e+00
3.000000e-02 1.090000e+00
4.000000e-02 1.120000e+00
5.000000e-02 1.150000e+00
6.000000e-02 1.180000e+00
7.000000e-02 1.210000e+00
8.000000e-02 1.240000e+00
9.000000e-02 1.270000e+00
1.000000e-01 1.300000e+00
1.100000e-01 1.330000e+00
1.200000e-01 1.360000e+00
1.300000e-01 1.390000e+00
1.400000e-01 1.420000e+00
1.500000e-01 1.450000e+00
1.600000e-01 1.480000e+00
1.700000e-01 1.510000e+00
1.800000e-01 1.540000e+00
1.900000e-01 1.570000e+00
2.000000e-01 1.600000e+00
2.100000e-01 1.630000e+00
2.200000e-01 1.660000e+00
2.300000e-01 1.690000e+00
2.400000e-01 1.720000e+00
2.500000e-01 1.750000e+00
2.600000e-01 1.780000e+00
2.700000e-01 1.810000e+00
2.800000e-01 1.840000e+00
2.900000e-01 1.870000e+00
3.000000e-01 1.900000e+00
3.100000e-01 1.930000e+00
3.200000e-01 1.960000e+00
3.300000e-01 1.990000e+00
3.400000e-01 2.020000e+00
3.500000e-01 2.050000e+00
3.600000e-01 2.080000e+00
3.700000e-01 2.110000e+00
3.800000e-01 2.140000e+00
3.900000e-01 2.170000e+00
4.000000e-01 2.200000e+00
4.100000e-01 2.230000e+00
4.200000e-01 2.260000e+00
4.300000e-01 2.290000e+00
4.400000e-01 2.320000e+00
4.500000e-01 2.350000e+00
4.600000e-01 2.380000e+00
4.700000e-01 2.410000e+00
4.800000e-01 2.440000e+00
4.900000e-01 2.470000e+00
5.000000e-01 2.500000e+00
5.100000e-01 2.530000e+00
5.200000e-01 2.560000e+00
5.300000e-01 2.590000e+00
5.400000e-01 2.620000e+00
5.500000e-01 2.650000e+00
5.600000e-01 2.680000e+00
5.700000e-01 2.710000e+00
5.800000e-01 2.740000e+00
5.900000e-01 2.770000e+00
6.000000e-01 2.800000e+00
6.100000e-01 2.830000e+00
6.200000e-01 2.860000e+00
6.300000e-01 2.890000e+00
6.400000e-01 2.920000e+00
6.500000e-01 2.950000e+00
6.600000e-01 2.980000e+00
6.700000e-01 3.010000e+00
6.800000e-01 3.040000e+00
6.900000e-01 3.070000e+00
7.000000e-01 3.100000e+00
7.100000e-01 3.130000e+00
7.200000e-01 3.160000e+00
7.300000e-01 3.190000e+00
7.400000e-01 3.220000e+00
7.500000e-01 3.250000e+00
7.600000e-01 3.280000e+00
7.700000e-01 3.310000e+00
7.800000e-01 3.340000e+00
7.900000e-01 3.370000e+00
8.000000e-01 3.400000e+00
8.100000e-01 3.430000e+00
8.200000e-01 3.460000e+00
8.300000e-01 3.490000e+00
8.400000e-01 3.520000e+00
8.500000e-01 3.550000e+00
8.600000e-01 3.580000e+00
8.700000e-01 3.610000e+00
8.800000e-01 3.640000e+00
8.900000e-01 3.670000e+00
9.000000e-01 3.700000e+00
9.100000e-01 3.730000e+00
9.200000e-01 3.760000e+00
9.300000e-01 3.790000e+00
9.400000e-01 3.820000e+00
9.500000e-01 3.850000e+00
9.600000e-01 3.880000e+00
9.700000e-01 3.910000e+00
9.800000e-01 3.940000e+00
9.900000e-01 3.970000e+00
1.000000e+00 4.000000e+00
1.010000e+00 4.030000e+00
1.020000e+00 4.060000e+00
1.030000e+00 4.090000e+00
1.040000e+00 4.120000e+00
1.050000e+00 4.150000e+00
1.060000e+00 4.180000e+00
1.070000e+00 4.210000e+00
1.080000e+00 4.240000e+00
1.090000e+00 4.270000e+00
1.100000e+00 4.300000e+00
1.110000e+00 4.330000e+00
1.120000e+00 4.360000e+00
1.130000e+00 4.390000e+00
1.140000e+00 4.420000e+00
1.150000e+00 4.450000e+00
1.160000e+00 4.480000e+00
1.170000e+00 4.510000e+00
1.180000e+00 4.540000e+00
1.190000e+00 4.570000e+00
1.200000e+00 4.600000e+00
1.210000e+00 4.630000e+00
1.220000e+00 4.660000e+00
1.230000e+00 4.690000e+00
1.240000e+00 4.720000e+00
1.250000e+00 4.750000e+00
1.260000e+00 4.780000e+00
1.270000e+00 4.810000e+00
1.280000e+00 4.840000e+00
1.290000e+00 4.870000e+00
1.300000e+00 4.900000e+00
1.310000e+00 4.930000e+00
1.320000e+00 4.960000e+00
1.330000e+00 4.990000e+00
1.340000e+00 5.020000e+00
1.350000e+00 5.050000e+00
1.360000e+00 5.080000e+00
1.370000e+00 5.110000e+00
1.380000e+00 5.140000e+00
1.390000e+00 5.170000e+00
1.400000e+00 5.200000e+00
1.410000e+00 5.230000e+00
1.420000e+00 5.260000e+00
1.430000e+00 5.290000e+00
1.440000e+00 5.320000e+00
1.450000e+00 5.350000e+00
1.460000e+00 5.380000e+00
1.470000e+00 5.410000e+00
1.480000e+00 5.440000e+00
1.490000e+00 5.470000e+00
1.500000e+00 5.500000e+00
1.510000e+00 5.530000e+00
1.520000e+00 5.560000e+00
1.530000e+00 5.590000e+00
1.540000e+00 5.620000e+00
1.550000e+00 5.650000e+00
1.560000e+00 5.680000e+00
1.570000e+00 5.710000e+00
1.580000e+00 5.740000e+00
1.590000e+00 5.770000e+00
1.600000e+00 5.800000e+00
1.610000e+00 5.830000e+00
1.620000e+00 5.860000e+00
1.630000e+00 5.890000e+00
1.640000e+00 5.920000e+00
1.650000e+00 5.950000e+00
1.660000e+00 5.980000e+00
1.670000e+00 6.010000e+00
1.680000e+00 6.040000e+00
1.690000e+00 6.070000e+00
1.700000e+00 6.100000e+00
1.710000e+00 6.130000e+00
1.720000e+00 6.160000e+00
1.730000e+00 6.190000e+00
1.740000e+00 6.220000e+00
1.750000e+00 6.250000e+00
1.760000e+00 6.280000e+00
1.770000e+00 6.310000e+00
1.780000e+00 6.340000e+00
1.790000e+00 6.370000e+00
1.800000e+00 6.400000e+00
1.810000e+00 6.430000e+00
1.820000e+00 6.460000e+00
1.830000e+00 6.490000e+00
1.840000e+00 6.520000e+00
1.850000e+00 6.550000e+00
1.860000e+00 6.580000e+00
1.870000e+00 6.610000e+00
1.880000e+00 6.640000e+00
1.890000e+00 6.670000e+00
1.900000e+00 6.700000e+00
1.910000e+00 6.730000e+00
1.920000e+00 6.760000e+00
1.930000e+00 6.790000e+00
1.940000e+00 6.820000e+00
1.950000e+00 6.850000e+00
1.960000e+00 6.880000e+00
1.970000e+00 6.910000e+00
1.980000e+00 6.940000e+00
1.990000e+00 6.970000e+00
2.000000e+00 7.000000e+00
2.010000e+00 7.030000e+00
2.020000e+00 7.060000e+00
2.030000e+00 7.090000e+00
2.040000e+00 7.120000e+00
2.050000e+00 7.150000e+00
2.060000e+00 7.180000e+00
2.070000e+00 7.210000e+00
2.080000e+00 7.240000e+00
2.090000e+00 7.270000e+00
2.100000e+00 7.300000e+00
2.110000e+00 7.330000e+00
2.120000e+00 7.360000e+00
2.130000e+00 7.390000e+00
2.140000e+00 7.420000e+00
2.150000e+00 7.450000e+00
2.160000e+00 7.480000e+00
2.170000e+00 7.510000e+00
2.180000e+00 7.540000e+00
2.190000e+00 7.570000e+00
2.200000e+00 7.600000e+00
2.210000e+00 7.630000e+00
2.220000e+00 7.660000e+00
2.230000e+00 7.690000e+00
2.240000e+00 7.720000e+00
2.250000e+00 7.750000e+00
2.260000e+00 7.780000e+00
2.270000e+00 7.810000e+00
2.280000e+00 7.840000e+00
2.290000e+00 7.870000e+00
2.300000e+00 7.900000e+00
2.310000e+00 7.930000e+00
2.320000e+00 7.960000e+00
2.330000e+00 7.990000e+00
2.340000e+00 8.020000e+00
2.350000e+00 8.050000e+00
2.360000e+00 8.080000e+00
2.370000e+00 8.110000e+00
2.380000e+00 8.140000e+00
2.390000e+00 8.170000e+00
2.400000e+00 8.200000e+00
2.410000e+00 8.230000e+00
2.420000e+00 8.260000e+00
2.430000e+00 8.290000e+00
2.440000e+00 8.320000e+00
2.450000e+00 8.350000e+00
2.460000e+00 8.380000e+00
2.470000e+00 8.410000e+00
2.480000e+00 8.440000e+00
2.490000e+00 8.470000e+00
2.500000e+00 8.500000e+00
2.510000e+00 8.530000e+00
2.520000e+00 8.560000e+00
2.530000e+00 8.590000e+00
2.540000e+00 8.620000e+00
2.550000e+00 8.650000e+00
2.560000e+00 8.680000e+00
2.570000e+00 8.710000e+00
2.580000e+00 8.740000e+00
2.590000e+00 8.770000e+00
2.600000e+00 8.800000e+00
2.610000e+00 8.830000e+00
2.620000e+00 8.860000e+00
2.630000e+00 8.890000e+00
2.640000e+00 8.920000e+00
2.650000e+00 8.950000e+00
2.660000e+00 8.980000e+00
2.670000e+00 9.010000e+00
2.680000e+00 9.040000e+00
2.690000e+00 9.070000e+00
2.700000e+00 9.100000e+00
2.710000e+00 9.130000e+00
2.720000e+00 9.160000e+00
2.730000e+00 9.190000e+00
2.740000e+00 9.220000e+00
2.750000e+00 9.250000e+00
2.760000e+00 9.280000e+00
2.770000e+00 9.310000e+00
2.780000e+00 9.340000e+00
2.790000e+00 9.370000e+00
2.800000e+00 9.400000e+00
2.810000e+00 9.430000e+00
2.820000e+00 9.460000e+00
2.830000e+00 9.490000e+00
2.840000e+00 9.520000e+00
2.850000e+00 9.550000e+00
2.860000e+00 9.580000e+00
2.870000e+00 9.610000e+00
2.880000e+00 9.640000e+00
2.890000e+00 9.670000e+00
2.900000e+00 9.700000e+00
2.910000e+00 9.730000e+00
2.920000e+00 9.760000e+00
2.930000e+00 9.790000e+00
2.940000e+00 9.820000e+00
2.950000e+00 9.850000e+00
2.960000e+00 9.880000e+00
2.970000e+00 9.910000e+00
2.980000e+00 9.940000e+00
2.990000e+00 9.970000e+00
3.000000e+00 1.000000e+01
3.010000e+00 1.003000e+01
3.020000e+00 1.006000e+01
3.030000e+00 1.009000e+01
3.040000e+00 1.012000e+01
3.050000e+00 1.015000e+01
3.060000e+00 1.018000e+01
3.070000e+00 1.021000e+01
3.080000e+00 1.024000e+01
3.090000e+00 1.027000e+01
3.100000e+00 1.030000e+01
3.110000e+00 1.033000e+01
3.120000e+00 1.036000e+01
3.130000e+00 1.039000e+01
3.140000e+00 1.042000e+01
3.150000e+00 1.045000e+01
3.160000e+00 1.048000e+01
3.170000e+00 1.051000e+01
3.180000e+00 1.054000e+01
3.190000e+00 1.057000e+01
3.200000e+00 1.060000e+01
3.210000e+00 1.063000e+01
3.220000e+00 1.066000e+01
3.230000e+00 1.069000e+01
3.240000e+00 1.072000e+01
3.250000e+00 1.075000e+01
3.260000e+00 1.078000e+01
3.270000e+00 1.081000e+01
3.280000e+00 1.084000e+01
3.290000e+00 1.087000e+01
3.300000e+00 1.090000e+01
3.310000e+00 1.093000e+01
3.320000e+00 1.096000e+01
3.330000e+00 1.099000e+01
3.340000e+00 1.102000e+01
3.350000e+00 1.105000e+01
3.360000e+00 1.108000e+01
3.370000e+00 1.111000e+01
3.380000e+00 1.114000e+01
3.390000e+00 1.117000e+01
3.400000e+00 1.120000e+01
3.410000e+00 1.123000e+01
3.420000e+00 1.126000e+01
3.430000e+00 1.129000e+01
3.440000e+00 1.132000e+01
3.450000e+00 1.135000e+01
3.460000e+00 1.138000e+01
3.470000e+00 1.141000e+01
3.480000e+00 1.144000e+01
3.490000e+00 1.147000e+01
3.500000e+00 1.150000e+01
3.510000e+00 1.153000e+01
3.520000e+00 1.156000e+01
3.530000e+00 1.159000e+01
3.540000e+00 1.162000e+01
3.550000e+00 1.165000e+01
3.560000e+00 1.168000e+01
3.570000e+00 1.171000e+01
3.580000e+00 1.174000e+01
3.590000e+00 1.177000e+01
3.600000e+00 1.180000e+01
3.610000e+00 1.183000e+01
3.620000e+00 1.186000e+01
3.630000e+00 1.189000e+01
3.640000e+00 1.192000e+01
3.650000e+00 1.195000e+01
3.660000e+00 1.198000e+01
3.670000e+00 1.201000e+01
3.680000e+00 1.204000e+01
3.690000e+00 1.207000e+01
3.700000e+00 1.210000e+01
3.710000e+00 1.213000e+01
3.720000e+00 1.216000e+01
3.730000e+00 1.219000e+01
3.740000e+00 1.222000e+01
3.750000e+00 1.225000e+01
3.760000e+00 1.228000e+01
3.770000e+00 1.231000e+01
3.780000e+00 1.234000e+01
3.790000e+00 1.237000e+01
3.800000e+00 1.240000e+01
3.810000e+00 1.243000e+01
3.820000e+00 1.246000e+01
3.830000e+00 1.249000e+01
3.840000e+00 1.252000e+01
3.850000e+00 1.255000e+01
3.860000e+00 1.258000e+01
3.870000e+00 1.261000e+01
3.880000e+00 1.264000e+01
3.890000e+00 1.267000e+01
3.900000e+00 1.270000e+01
3.910000e+00 1.273000e+01
3.920000e+00 1.276000e+01
3.930000e+00 1.279000e+01
3.940000e+00 1.282000e+01
3.950000e+00 1.285000e+01
3.960000e+00 1.288000e+01
3.970000e+00 1.291000e+01
3.980000e+00 1.294000e+01
3.990000e+00 1.297000e+01
4.000000e+00 1.300000e+01
4.010000e+00 1.303000e+01
4.020000e+00 1.306000e+01
4.030000e+00 1.309000e+01
4.040000e+00 1.312000e+01
4.050000e+00 1.315000e+01
4.060000e+00 1.318000e+01
4.070000e+00 1.321000e+01
4.080000e+00 1.324000e+01
4.090000e+00 1.327000e+01
4.100000e+00 1.330000e+01
4.110000e+00 1.333000e+01
4.120000e+00 1.336000e+01
4.130000e+00 1.339000e+01
4.140000e+00 1.342000e+01
4.150000e+00 1.345000e+01
4.160000e+00 1.348000e+01
4.170000e+00 1.351000e+01
4.180000e+00 1.354000e+01
4.190000e+00 1.357000e+01
4.200000e+00 1.360000e+01
4.210000e+00 1.363000e+01
4.220000e+00 1.366000e+01
4.230000e+00 1.369000e+01
4.240000e+00 1.372000e+01
4.250000e+00 1.375000e+01
4.260000e+00 1.378000e+01
4.270000e+00 1.381000e+01
4.280000e+00 1.384000e+01
4.290000e+00 1.387000e+01
4.300000e+00 1.390000e+01
4.310000e+00 1.393000e+01
4.320000e+00 1.396000e+01
4.330000e+00 1.399000e+01
4.340000e+00 1.402000e+01
4.350000e+00 1.405000e+01
4.360000e+00 1.408000e+01
4.370000e+00 1.411000e+01
4.380000e+00 1.414000e+01
4.390000e+00 1.417000e+01
4.400000e+00 1.420000e+01
4.410000e+00 1.423000e+01
4.420000e+00 1.426000e+01
4.430000e+00 1.429000e+01
4.440000e+00 1.432000e+01
4.450000e+00 1.435000e+01
4.460000e+00 1.438000e+01
4.470000e+00 1.441000e+01
4.480000e+00 1.444000e+01
4.490000e+00 1.447000e+01
4.500000e+00 1.450000e+01
4.510000e+00 1.453000e+01
4.520000e+00 1.456000e+01
4.530000e+00 1.459000e+01
4.540000e+00 1.462000e+01
4.550000e+00 1.465000e+01
4.560000e+00 1.468000e+01
4.570000e+00 1.471000e+01
4.580000e+00 1.474000e+01
4.590000e+00 1.477000e+01
4.600000e+00 1.480000e+01
4.610000e+00 1.483000e+01
4.620000e+00 1.486000e+01
4.630000e+00 1.489000e+01
4.640000e+00 1.492000e+01
4.650000e+00 1.495000e+01
4.660000e+00 1.498000e+01
4.670000e+00 1.501000e+01
4.680000e+00 1.504000e+01
4.690000e+00 1.507000e+01
4.700000e+00 1.510000e+01
4.710000e+00 1.513000e+01
4.720000e+00 1.516000e+01
4.730000e+00 1.519000e+01
4.740000e+00 1.522000e+01
4.750000e+00 1.525000e+01
4.760000e+00 1.528000e+01
4.770000e+00 1.531000e+01
4.780000e+00 1.534000e+01
4.790000e+00 1.537000e+01
4.800000e+00 1.540000e+01
4.810000e+00 1.543000e+01
4.820000e+00 1.546000e+01
4.830000e+00 1.549000e+01
4.840000e+00 1.552000e+01
4.850000e+00 1.555000e+01
4.860000e+00 1.558000e+01
4.870000e+00 1.561000e+01
4.880000e+00 1.564000e+01
4.890000e+00 1.567000e+01
4.900000e+00 1.570000e+01
4.910000e+00 1.573000e+01
4.920000e+00 1.576000e+01
4.930000e+00 1.579000e+01
4.940000e+00 1.582000e+01
4.950000e+00 1.585000e+01
4.960000e+00 1.588000e+01
4.970000e+00 1.591000e+01
4.980000e+00 1.594000e+01
4.990000e+00 1.597000e+01
5.000000e+00 1.600000e+01
5.010000e+00 1.603000e+01
5.020000e+00 1.606000e+01
5.030000e+00 1.609000e+01
5.040000e+00 1.612000e+01
5.050000e+00 1.615000e+01
5.060000e+00 1.618000e+01
5.070000e+00 1.621000e+01
5.080000e+00 1.624000e+01
5.090000e+00 1.627000e+01
5.100000e+00 1.630000e+01
5.110000e+00 1.633000e+01
5.120000e+00 1.636000e+01
5.130000e+00 1.639000e+01
5.140000e+00 1.642000e+01
5.150000e+00 1.645000e+01
5.160000e+00 1.648000e+01
5.170000e+00 1.651000e+01
5.180000e+00 1.654000e+01
5.190000e+00 1.657000e+01
5.200000e+00 1.660000e+01
5.210000e+00 1.663000e+01
5.220000e+00 1.666000e+01
5.230000e+00 1.669000e+01
5.240000e+00 1.672000e+01
5.250000e+00 1.675000e+01
5.260000e+00 1.678000e+01
5.270000e+00 1.681000e+01
5.280000e+00 1.684000e+01
5.290000e+00 1.687000e+01
5.300000e+00 1.690000e+01
5.310000e+00 1.693000e+01
5.320000e+00 1.696000e+01
5.330000e+00 1.699000e+01
5.340000e+00 1.702000e+01
5.350000e+00 1.705000e+01
5.360000e+00 1.708000e+01
5.370000e+00 1.711000e+01
5.380000e+00 1.714000e+01
5.390000e+00 1.717000e+01
5.400000e+00 1.720000e+01
5.410000e+00 1.723000e+01
5.420000e+00 1.726000e+01
5.430000e+00 1.729000e+01
5.440000e+00 1.732000e+01
5.450000e+00 1.735000e+01
5.460000e+00 1.738000e+01
5.470000e+00 1.741000e+01
5.480000e+00 1.744000e+01
5.490000e+00 1.747000e+01
5.500000e+00 1.750000e+01
5.510000e+00 1.753000e+01
5.520000e+00 1.756000e+01
5.530000e+00 1.759000e+01
5.540000e+00 1.762000e+01
5.550000e+00 1.765000e+01
5.560000e+00 1.768000e+01
5.570000e+00 1.771000e+01
5.580000e+00 1.774000e+01
5.590000e+00 1.777000e+01
5.600000e+00 1.780000e+01
5.610000e+00 1.783000e+01
5.620000e+00 1.786000e+01
5.630000e+00 1.789000e+01
5.640000e+00 1.792000e+01
5.650000e+00 1.795000e+01
5.660000e+00 1.798000e+01
5.670000e+00 1.801000e+01
5.680000e+00 1.804000e+01
5.690000e+00 1.807000e+01
5.700000e+00 1.810000e+01
5.710000e+00 1.813000e+01
5.720000e+00 1.816000e+01
5.730000e+00 1.819000e+01
5.740000e+00 1.822000e+01
5.750000e+00 1.825000e+01
5.760000e+00 1.828000e+01
5.770000e+00 1.831000e+01
5.780000e+00 1.834000e+01
5.790000e+00 1.837000e+01
5.800000e+00 1.840000e+01
5.810000e+00 1.843000e+01
5.820000e+00 1.846000e+01
5.830000e+00 1.849000e+01
5.840000e+00 1.852000e+01
5.850000e+00 1.855000e+01
5.860000e+00 1.858000e+01
5.870000e+00 1.861000e+01
5.880000e+00 1.864000e+01
5.890000e+00 1.867000e+01
5.900000e+00 1.870000e+01
5.910000e+00 1.873000e+01
5.920000e+00 1.876000e+01
5.930000e+00 1.879000e+01
5.940000e+00 1.882000e+01
5.950000e+00 1.885000e+01
5.960000e+00 1.888000e+01
5.970000e+00 1.891000e+01
5.980000e+00 1.894000e+01
5.990000e+00 1.897000e+01
6.000000e+00 1.900000e+01
6.010000e+00 1.903000e+01
6.020000e+00 1.906000e+01
6.030000e+00 1.909000e+01
6.040000e+00 1.912000e+01
6.050000e+00 1.915000e+01
6.060000e+00 1.918000e+01
6.070000e+00 1.921000e+01
6.080000e+00 1.924000e+01
6.090000e+00 1.927000e+01
6.100000e+00 1.930000e+01
6.110000e+00 1.933000e+01
6.120000e+00 1.936000e+01
6.130000e+00 1.939000e+01
6.140000e+00 1.942000e+01
6.150000e+00 1.945000e+01
6.160000e+00 1.948000e+01
6.170000e+00 1.951000e+01
6.180000e+00 1.954000e+01
6.190000e+00 1.957000e+01
6.200000e+00 1.960000e+01
6.210000e+00 1.963000e+01
6.220000e+00 1.966000e+01
6.230000e+00 1.969000e+01
6.240000e+00 1.972000e+01
6.250000e+00 1.975000e+01
6.260000e+00 1.978000e+01
6.270000e+00 1.981000e+01
6.280000e+00 1.984000e+01
6.290000e+00 1.987000e+01
6.300000e+00 1.990000e+01
6.310000e+00 1.993000e+01
6.320000e+00 1.996000e+01
6.330000e+00 1.999000e+01
6.340000e+00 2.002000e+01
6.350000e+00 2.005000e+01
6.360000e+00 2.008000e+01
6.370000e+00 2.011000e+01
6.380000e+00 2.014000e+01
6.390000e+00 2.017000e+01
6.400000e+00 2.020000e+01
6.410000e+00 2.023000e+01
6.420000e+00 2.026000e+01
6.430000e+00 2.029000e+01
6.440000e+00 2.032000e+01
6.450000e+00 2.035000e+01
6.460000e+00 2.038000e+01
6.470000e+00 2.041000e+01
6.480000e+00 2.044000e+01
6.490000e+00 2.047000e+01
6.500000e+00 2.050000e+01
6.510000e+00 2.053000e+01
6.520000e+00 2.056000e+01
6.530000e+00 2.059000e+01
6.540000e+00 2.062000e+01
6.550000e+00 2.065000e+01
6.560000e+00 2.068000e+01
6.570000e+00 2.071000e+01
6.580000e+00 2.074000e+01
6.590000e+00 2.077000e+01
6.600000e+00 2.080000e+01
6.610000e+00 2.083000e+01
6.620000e+00 2.086000e+01
6.630000e+00 2.089000e+01
6.640000e+00 2.092000e+01
6.650000e+00 2.095000e+01
6.660000e+00 2.098000e+01
6.670000e+00 2.101000e+01
6.680000e+00 2.104000e+01
6.690000e+00 2.107000e+01
6.700000e+00 2.110000e+01
6.710000e+00 2.113000e+01
6.720000e+00 2.116000e+01
6.730000e+00 2.119000e+01
6.740000e+00 2.122000e+01
6.750000e+00 2.125000e+01
6.760000e+00 2.128000e+01
6.770000e+00 2.131000e+01
6.780000e+00 2.134000e+01
6.790000e+00 2.137000e+01
6.800000e+00 2.140000e+01
6.810000e+00 2.143000e+01
6.820000e+00 2.146000e+01
6.830000e+00 2.149000e+01
6.840000e+00 2.152000e+01
6.850000e+00 2.155000e+01
6.860000e+00 2.158000e+01
6.870000e+00 2.161000e+01
6.880000e+00 2.164000e+01
6.890000e+00 2.167000e+01
6.900000e+00 2.170000e+01
6.910000e+00 2.173000e+01
6.920000e+00 2.176000e+01
6.930000e+00 2.179000e+01
6.940000e+00 2.182000e+01
6.950000e+00 2.185000e+01
6.960000e+00 2.188000e+01
6.970000e+00 2.191000e+01
6.980000e+00 2.194000e+01
6.990000e+00 2.197000e+01
7.000000e+00 2.200000e+01
7.010000e+00 2.203000e+01
7.020000e+00 2.206000e+01
7.030000e+00 2.209000e+01
7.040000e+00 2.212000e+01
7.050000e+00 2.215000e+01
7.060000e+00 2.218000e+01
7.070000e+00 2.221000e+01
7.080000e+00 2.224000e+01
7.090000e+00 2.227000e+01
7.100000e+00 2.230000e+01
7.110000e+00 2.233000e+01
7.120000e+00 2.236000e+01
7.130000e+00 2.239000e+01
7.140000e+00 2.242000e+01
7.150000e+00 2.245000e+01
7.160000e+00 2.248000e+01
7.170000e+00 2.251000e+01
7.180000e+00 2.254000e+01
7.190000e+00 2.257000e+01
7.200000e+00 2.260000e+01
7.210000e+00 2.263000e+01
7.220000e+00 2.266000e+01
7.230000e+00 2.269000e+01
7.240000e+00 2.272000e+01
7.250000e+00 2.275000e+01
7.260000e+00 2.278000e+01
7.270000e+00 2.281000e+01
7.280000e+00 2.284000e+01
7.290000e+00 2.287000e+01
7.300000e+00 2.290000e+01
7.310000e+00 2.293000e+01
7.320000e+00 2.296000e+01
7.330000e+00 2.299000e+01
7.340000e+00 2.302000e+01
7.350000e+00 2.305000e+01
7.360000e+00 2.308000e+01
7.370000e+00 2.311000e+01
7.380000e+00 2.314000e+01
7.390000e+00 2.317000e+01
7.400000e+00 2.320000e+01
7.410000e+00 2.323000e+01
7.420000e+00 2.326000e+01
7.430000e+00 2.329000e+01
7.440000e+00 2.332000e+01
7.450000e+00 2.335000e+01
7.460000e+00 2.338000e+01
7.470000e+00 2.341000e+01
7.480000e+00 2.344000e+01
7.490000e+00 2.347000e+01
7.500000e+00 2.350000e+01
7.510000e+00 2.353000e+01
7.520000e+00 2.356000e+01
7.530000e+00 2.359000e+01
7.540000e+00 2.362000e+01
7.550000e+00 2.365000e+01
7.560000e+00 2.368000e+01
7.570000e+00 2.371000e+01
7.580000e+00 2.374000e+01
7.590000e+00 2.377000e+01
7.600000e+00 2.380000e+01
7.610000e+00 2.383000e+01
7.620000e+00 2.386000e+01
7.630000e+00 2.389000e+01
7.640000e+00 2.392000e+01
7.650000e+00 2.395000e+01
7.660000e+00 2.398000e+01
7.670000e+00 2.401000e+01
7.680000e+00 2.404000e+01
7.690000e+00 2.407000e+01
7.700000e+00 2.410000e+01
7.710000e+00 2.413000e+01
7.720000e+00 2.416000e+01
7.730000e+00 2.419000e+01
7.740000e+00 2.422000e+01
7.750000e+00 2.425000e+01
7.760000e+00 2.428000e+01
7.770000e+00 2.431000e+01
7.780000e+00 2.434000e+01
7.790000e+00 2.437000e+01
7.800000e+00 2.440000e+01
7.810000e+00 2.443000e+01
7.820000e+00 2.446000e+01
7.830000e+00 2.449000e+01
7.840000e+00 2.452000e+01
7.850000e+00 2.455000e+01
7.860000e+00 2.458000e+01
7.870000e+00 2.461000e+01
7.880000e+00 2.464000e+01
7.890000e+00 2.467000e+01
7.900000e+00 2.470000e+01
7.910000e+00 2.473000e+01
7.920000e+00 2.476000e+01
7.930000e+00 2.479000e+01
7.940000e+00 2.482000e+01
7.950000e+00 2.485000e+01
7.960000e+00 2.488000e+01
7.970000e+00 2.491000e+01
7.980000e+00 2.494000e+01
7.990000e+00 2.497000e+01
8.000000e+00 2.500000e+01
8.010000e+00 2.503000e+01
8.020000e+00 2.506000e+01
8.030000e+00 2.509000e+01
8.040000e+00 2.512000e+01
8.050000e+00 2.515000e+01
8.060000e+00 2.518000e+01
8.070000e+00 2.521000e+01
8.080000e+00 2.524000e+01
8.090000e+00 2.527000e+01
8.100000e+00 2.530000e+01
8.110000e+00 2.533000e+01
8.120000e+00 2.536000e+01
8.130000e+00 2.539000e+01
8.140000e+00 2.542000e+01
8.150000e+00 2.545000e+01
8.160000e+00 2.548000e+01
8.170000e+00 2.551000e+01
8.180000e+00 2.554000e+01
8.190000e+00 2.557000e+01
8.200000e+00 2.560000e+01
8.210000e+00 2.563000e+01
8.220000e+00 2.566000e+01
8.230000e+00 2.569000e+01
8.240000e+00 2.572000e+01
8.250000e+00 2.575000e+01
8.260000e+00 2.578000e+01
8.270000e+00 2.581000e+01
8.280000e+00 2.584000e+01
8.290000e+00 2.587000e+01
8.300000e+00 2.590000e+01
8.310000e+00 2.593000e+01
8.320000e+00 2.596000e+01
8.330000e+00 2.599000e+01
8.340000e+00 2.602000e+01
8.350000e+00 2.605000e+01
8.360000e+00 2.608000e+01
8.370000e+00 2.611000e+01
8.380000e+00 2.614000e+01
8.390000e+00 2.617000e+01
8.400000e+00 2.620000e+01
8.410000e+00 2.623000e+01
8.420000e+00 2.626000e+01
8.430000e+00 2.629000e+01
8.440000e+00 2.632000e+01
8.450000e+00 2.635000e+01
8.460000e+00 2.638000e+01
8.470000e+00 2.641000e+01
8.480000e+00 2.644000e+01
8.490000e+00 2.647000e+01
8.500000e+00 2.650000e+01
8.510000e+00 2.653000e+01
8.520000e+00 2.656000e+01
8.530000e+00 2.659000e+01
8.540000e+00 2.662000e+01
8.550000e+00 2.665000e+01
8.560000e+00 2.668000e+01
8.570000e+00 2.671000e+01
8.580000e+00 2.674000e+01
8.590000e+00 2.677000e+01
8.600000e+00 2.680000e+01
8.610000e+00 2.683000e+01
8.620000e+00 2.686000e+01
8.630000e+00 2.689000e+01
8.640000e+00 2.692000e+01
8.650000e+00 2.695000e+01
8.660000e+00 2.698000e+01
8.670000e+00 2.701000e+01
8.680000e+00 2.704000e+01
8.690000e+00 2.707000e+01
8.700000e+00 2.710000e+01
8.710000e+00 2.713000e+01
8.720000e+00 2.716000e+01
8.730000e+00 2.719000e+01
8.740000e+00 2.722000e+01
8.750000e+00 2.725000e+01
8.760000e+00 2.728000e+01
8.770000e+00 2.731000e+01
8.780000e+00 2.734000e+01
8.790000e+00 2.737000e+01
8.800000e+00 2.740000e+01
8.810000e+00 2.743000e+01
8.820000e+00 2.746000e+01
8.830000e+00 2.749000e+01
8.840000e+00 2.752000e+01
8.850000e+00 2.755000e+01
8.860000e+00 2.758000e+01
8.870000e+00 2.761000e+01
8.880000e+00 2.764000e+01
8.890000e+00 2.767000e+01
8.900000e+00 2.770000e+01
8.910000e+00 2.773000e+01
8.920000e+00 2.776000e+01
8.930000e+00 2.779000e+01
8.940000e+00 2.782000e+01
8.950000e+00 2.785000e+01
8.960000e+00 2.788000e+01
8.970000e+00 2.791000e+01
8.980000e+00 2.794000e+01
8.990000e+00 2.797000e+01
9.000000e+00 2.800000e+01
9.010000e+00 2.803000e+01
9.020000e+00 2.806000e+01
9.030000e+00 2.809000e+01
9.040000e+00 2.812000e+01
9.050000e+00 2.815000e+01
9.060000e+00 2.818000e+01
9.070000e+00 2.821000e+01
9.080000e+00 2.824000e+01
9.090000e+00 2.827000e+01
9.100000e+00 2.830000e+01
9.110000e+00 2.833000e+01
9.120000e+00 2.836000e+01
9.130000e+00 2.839000e+01
9.140000e+00 2.842000e+01
9.150000e+00 2.845000e+01
9.160000e+00 2.848000e+01
9.170000e+00 2.851000e+01
9.180000e+00 2.854000e+01
9.190000e+00 2.857000e+01
9.200000e+00 2.860000e+01
9.210000e+00 2.863000e+01
9.220000e+00 2.866000e+01
9.230000e+00 2.869000e+01
9.240000e+00 2.872000e+01
9.250000e+00 2.875000e+01
9.260000e+00 2.878000e+01
9.270000e+00 2.881000e+01
9.280000e+00 2.884000e+01
9.290000e+00 2.887000e+01
9.300000e+00 2.890000e+01
9.310000e+00 2.893000e+01
9.320000e+00 2.896000e+01
9.330000e+00 2.899000e+01
9.340000e+00 2.902000e+01
9.350000e+00 2.905000e+01
9.360000e+00 2.908000e+01
9.370000e+00 2.911000e+01
9.380000e+00 2.914000e+01
9.390000e+00 2.917000e+01
9.400000e+00 2.920000e+01
9.410000e+00 2.923000e+01
9.420000e+00 2.926000e+01
9.430000e+00 2.929000e+01
9.440000e+00 2.932000e+01
9.450000e+00 2.935000e+01
9.460000e+00 2.938000e+01
9.470000e+00 2.941000e+01
9.480000e+00 2.944000e+01
9.490000e+00 2.947000e+01
9.500000e+00 2.950000e+01
9.510000e+00 2.953000e+01
9.520000e+00 2.956000e+01
9.530000e+00 2.959000e+01
9.540000e+00 2.962000e+01
9.550000e+00 2.965000e+01
9.560000e+00 2.968000e+01
9.570000e+00 2.971000e+01
9.580000e+00 2.974000e+01
9.590000e+00 2.977000e+01
9.600000e+00 2.980000e+01
9.610000e+00 2.983000e+01
9.620000e+00 2.986000e+01
9.630000e+00 2.989000e+01
9.640000e+00 2.992000e+01
9.650000e+00 2.995000e+01
9.660000e+00 2.998000e+01
9.670000e+00 3.001000e+01
9.680000e+00 3.004000e+01
9.690000e+00 3.007000e+01
9.700000e+00 3.010000e+01
9.710000e+00 3.013000e+01
9.720000e+00 3.016000e+01
9.730000e+00 3.019000e+01
9.740000e+00 3.022000e+01
9.750000e+00 3.025000e+01
9.760000e+00 3.028000e+01
9.770000e+00 3.031000e+01
9.780000e+00 3.034000e+01
9.790000e+00 3.037000e+01
9.800000e+00 3.040000e+01
9.810000e+00 3.043000e+01
9.820000e+00 3.046000e+01
9.830000e+00 3.049000e+01
9.840000e+00 3.052000e+01
9.850000e+00 3.055000e+01
9.860000e+00 3.058000e+01
9.870000e+00 3.061000e+01
9.880000e+00 3.064000e+01
9.890000e+00 3.067000e+01
9.900000e+00 3.070000e+01
9.910000e+00 3.073000e+01
9.920000e+00 3.076000e+01
9.930000e+00 3.079000e+01
9.940000e+00 3.082000e+01
9.950000e+00 3.085000e+01
9.960000e+00 3.088000e+01
9.970000e+00 3.091000e+01
9.980000e+00 3.094000e+01
9.990000e+00 3.097000e+01
1.000000e+01 3.100000e+01
